2
576
2
2
12546
2
22
6
4
8
2
4
2034
16
4
84
2
2
2
2
2
2
2
52
2
2
8
22
14
2
6
2
30
6
8
2
4
2
56
2
2
6
2
4
2
294
2
38
2
2
2
4
2
4
2
2
2
4
244
2
2
2
2
2
2
2
4
2
2
2
2
2
94
2
2
6
2
2
6
32
2
6
4
2
2
8
2
2
2
4
12
4
2
5526
2
4
2
6
4
2
8
4
8
2
2
1004
16
2
122
2
2
2
12
2
4
2
2
2
4
66
8
2
6
2
2
2
2
2
2
144
2
2
4
128
2
8
2
4
2
2
2
2
96
2
6
2
2
4
82
2
8
46
4
34
2
2
36
2
2
2
2
2
2
4
20
2
2
54
24
8
2
14
4
2
12
10
2
8
2
4
2
34
2
30
6
2
2
18
2608
2
14
2
4
5200
6
2
30
2
98
2
2
2
2
4
2
2
2
4
4
2
4
2
2
2
2
2
6
2
2
4
32
20
2
2
2
14
40
2
172
8
2
2
8
2
10
4
2
2
2
4
2
2
2
2
2
72
2
2
2
6
36
10
2
2
4
2
46
2
256
2
2
4
118
166
2
2
80
2
2
988
2
2
6
2
2
4
20
8
2
24
58
8
2
2
12
112
2
2
8
16126
4
2
26
10
32
8
36
4
2
12
10
8
6
4
2
464
2
4
2
2
2
2
10
52
2
2
2
4
2
4
2
2
4
6
2
2
2
2
94
2
2
2
4
2
8
2
70
2
2
2
18
8
74
2
2
2
2
2
4
14
4
10
2
2
4
34
14
2
50
2
2
2
4
2
2
12
10
8
12
18
12
6
2
2
464
10
26352
2
2
4
2
2
4
6
846
15134
2
14
6
6
2
16
98
2
20
7098
2
2
2
6
2
2
8
14
2
242
44
22
2
2
2
212
2
2
2
2
2
28
6
2
34
2
2
2
80
2
2
2
12
8
2
4
10
28
2
2
8
4
8
20
2
2
2
18
4
10
30
2
2
4
4
4
4
50
14
2
34
4
6
30
2
2
12
4
2
8
62
2
2
2
34
2
2
2
138
2
8
2
10
42
10
10
2
2
656
18
2
2
2
2
6
526
2
2
2
10
2
2
2
2
10
90
18
8
2
6
4
28
88
2
2
4
170
2
24
184
24
2
8
30
82
2
12
2
2
14
2
10
4
10
4
20
4
214
106
2
8
502
10
2
2
2
2
4
2
2
2
2
116
802
52
2
6
2
2
4
118
8
2
4
36
2
2
2
280
2
34
6
6
2
26
26
2
38
2
2
2
4
4
4
2
2
4
14
2
6
2
2
4
6
2
700
2
6
24
110
26
16
2
30
38
2
54
2
2
36
2
2
2
4
2
2
6
2
2
2
2
4
2
920
2
2
2
2
2
4
6
2
2
2
18
26
2
2
2
2
2
2
2
2
4
8
2
162
10
2
2
2
2
2
4
4
2
2
244
2
18
66
6
16
2
2
4
2
4
4
10
14
2
14
2
5000
2
6
2
12
2
2
2
2
86
2
2
2
2
2
56
2
2
8
180
34
2
10
100
4408
6
2
2
2
2
4
2
2
2
2
2
2
4
2
2
46
4
2
70
8992
2
2
2
2
218
2
8
2
2
8
2
84
14
20
6
4
2
2
2
2
2
12
2
2
2
84
4
4
8
2
2
2
1278
166
58
2
70
2
10
6
402
2
120
4
560
6
2
4
20
12
2
2
2
4
2
1100
2
4
32
2
2
2
66
4
2
4
16
66
2
2
6
2
2
28
178
6
18
2
4
2
2
2
2
2
8
2
2
2
2
46
2
2
20
4
2
126
2
12
80
2
2
8
2
2
2
20
2
4
2
14356
6
174
40206
32
18
2
2
2
8
2
2
2
98
2
6
2
14
2
16
28
4
4
12
2
422
12
2
2
38
2
2
2
2
2
130
2
194
2
136
2
8
8
2
2
2
2
2
2
2
2
4
4
2166
6
2
2
2
2
2
12
4
92
8
6
2
16
2
10
50
2
2
4
8
2
6
2
2
318
2
4
10
8
2
2
4
2
2
2
4
6
2
12
2
1096
2
4
4
2
6
2
110
2
6
4
308
2
2
2
1838
30
2
2
2
2
26
2
2
2
12
24
2
90
96
1072
2
4
32
124
82
4
2
6
2
4
8
288
104
2
2
4
468
2
12596
2
6
2
2
2
2
4
2
220
2
2
468
1416
2
4
2
4
298
6
2
2
2
2
2
2
2
2
2
2
2
6
2
6
84
2
2
44
6
4
8
2
2
40
2
54
130
12
2
2
86
2
8
4
18
6
2
2
2
2
2
86
682
2
2
8
42
4
2
2
2
2
2
20
6
24
2
62
2
10
2
2
2
2
16398
406
12
6
2
2
20
50
4
6
2
2
4
6
4
2
4
138
4
8
2
76
10
4
2
94
6
2
20
2
2
20
2
2
6
2
2
2
12
12
2
2
2
2
2
2
2
4
6
22
2
2
2
32
2
2
2
4
2
12
2
2
4
6
2
4
10
2
2
2
4
14
48
2
6
2
54
2
2
2
2
2
20
6
4
2
122
96
2
2
1850
2
6
2
2
2
2
8
4
2
12
2
2
22
2
2
2
18
22
2
2
4
28
18
2
9464
2
442
2
2
2
2
2
26
14
4
30
2
12
2
88
2
4
2
2
132
222
36
2
4
18
12
2
4
2
2
2
2
2
4
2
2
2
4
2
4
2
2
2
2
2
2
6
4
2
4
2
2
4
2
2
2
72
2
2
2
2
8
8
2
2
2
282
2
4
18
8
6
2
8
2
2
2
24
2
2
6
4
2
2
6
12
2
2
16
22
2
2
2
120
2
272
2
6
2
2
2
2
2
18
24
30
2
2
1356
2
10
2
28
2
2
2
2
22
380
2
8
4
2
14
2
2
2
4
30
2
2
2
2
12
2
2
2
2
4
4
2
4
2
2
16
2
4
82
2
116
2
2
6
2
2
50
2
2
2
12
2
28
6
2
6
6
10
6
2
2
4
6
340
46
4
2
2
16
1132
2
2
6
2
4
18
2
6
2
1194
6
2
4
8
8
2
4
198
2
2
4
16
862
20
4
2
2
2
10
4
6
2
102
2
2
24
2
28
24
82
2
40
38
2
28
16
2
2
2
2
2
2
2
12
4
42
8
2
2
2
2
2
2
2
6
12
2
2
4
2
2
6
2
10
2
2
2
218
2
74
2
2
2
2
4
10
28
2
2
2
362
2
4
386
32
150
46
20
2
2
18700
4
2
108
2
8
2
2
8
8
2
92
2
34
2
8
58
2
8
4
508
90
2
2
2628
2
18
18
106
4
2
732
16
22
2
4
2
4
14
4
56
256
2
150
12
2
6
2
12
18
4
2
2
2
8
2
8
2
10
128
6
2
4
2
2
38
2
84
4
6
2
634
4
10
2
2
36
11836
2
2
28
2
6
142
2
28
2
2
2
2
2
20
2
2
2
2
2
2
2
2
58
2
8
2
2
2
102
2
4
2
2
4
42
2
2
6
114
6
2
66
2
2
2
2
2
226
6
324
2
14
2
2
2
4
2
2
6
318
6
2
2
4
2
4
14
2
2
2
2
2
4
2
2
2
2
2
2
1058
10
2
1174
2
4
6
102
104
134
8
150
4
2
20
4
2
2
126
2
2
2
2
6
678
50
20
40
2
6
40
2
18
2
2
4
4
2
2
2
2
14
2
2
2
28
6
2
2
14
22
18
6
18
2
8
2
2
2
2
4
2802
2056
4
12
2
2
4
12
6
2
2
98
2
2
2
36
6
4
2
2
4
26
7964
2
2
2
2
2
4
2
10
2
22
2
2
348
2
2228
2
2
238
2
2
6
6
2
6
2
2
2
4
4
8
24
12
10
2
6
4
62
2
26
2
4
2
2
470
4
2
2
2
4
2
588
2
6
6
2
2
2
4
4
2
114
2
2
2
2
2
2
2
274
2
34
6
2
2
6
8
2
2
2
2
2
70
4
4
48
2
2
2
236
28
2
2
6
2
4
2
4
4
2
2
108
4
60
20
6
2
22
2
2
6
2
2
4
4
64
4
4
16
14
4
2
24
2
12
2
8
2
2
80
4
38
6
2
2
2
2
4
2
24
2
4
2
2
2
4
2
6
216
6
2
2
2
2
2
2
12
8
2
2
2
2
8
2
2
8
2
4
2
6
4
186
20
4
2
14
2
2
4
2
2
36
2
2
2
13722
14
2
2
8
30
2
12
4
4
2
2
4
2
2
2
2
2
2
2
2
2
2
2
4
2
14
2
2
4
44
2
2
4
284
8
4
4
2
2
6
2
2
16
196
2
4
2
8
2
32
14
4
4
2
2
10
2
2
2
2
74
36
2
2
4
2
6
4
2
4
12
56
6
4
2
4
8
4
2
2
2
18
2
42
2
32
2
2
4
6
10
12
2
4
2
4
4
44
2
2
2
2
4
2
2
2
90
6982
4
10
2
2
2
2
2
2
4
2
2
2
2
2
2
2
118
4
2
22
2
4
38
6
22
2
2
2
14
6
118
4
4
14
2
2
4
14
8
2
2
2
2
6
4
10
2
50
2
52
10
2
2
2
2
8
6
1664
2
2
2
166
14
2
2
2
6
2
2
2
4
26
2
2
192
2
2
4
2
102
244
2
4
2
2
2
2
6
2
2
2
16
2
2
116
2
6
10
2
2
2
8
2
56
48
12
2
2
2
2
2
6
1312
2
2
2
2
2
10
32
2
2
6
268
2
72
210
2
4
2
6
2
2
2
4
26
2
2
2
2
2
8
10
1686
118
30
2
2
4
16
5082
4
2
2
2
2
28
2
2
12
8
50
2
216
16
12
4
2
2
24
10
8
4
2
8
2
148
976
680
2
4
6
4
8
2
6
2
2
84
54
2
22
4
2
8
2
2
2
2
2
2
4
58
2
2
2
2
2
2
2
4
2
28
8
2
6
2
2
2
2
2
10
148
2
2
4
2
46
6
22
4
2
2
2
4
2
6
10790
2
2
2
2
2
22
4
8
2
2
180
4
4
8
2
2
2
4
2
2
4
6
4
2
6
74
2
38
6
16
2
46
26
2
2
6
172
1126
8
2
44
2
14376
2
18
2
2
22
2
2
23754
6
1442
2
150
2
10
2
2
24
24
2
4
2
2
2
10
86
4
2
22
482
1648
112
18
92
6
2
2
2
4
598
4
2
10
2
4
2
2
2
2
2
2
2
24
4
84
2
2
2
4
26
2
2
4
34
188
22
2
6
4
8
240
2
2
4
2
2
2
2
12
2
4
4
2
2
2
4
8
2
2
18
4
2
2
2
5462
4
2
46
4
2
532
104
2
2
2
2
6
2
4
100
10
2
10
2
2
606
18
2
12
2
2
2
6
2
2
18
10
4
4
2
2
2
2
4
70
2
20
8
2
4
16
2
2
4
2
2
4
2
2
2
84
4
14
4
2
2
2
2
6
2
2
48
2
4
26
24
32
28
2
56218
2
2
2
4
4
2
2
2
10
2
2
2
238
2
6
2
2
2
4
2
10
38
2
2
36
14
6
766
4
2
2
2
2
26
4
302
156
824
24
2
2
4
2
14
2
4
50
12
86
2
12
2
22
28
2
2
20
4
2
2
40
2
2
2
2
6
16
2
134
6
6
8
2
2
24
4
64
4
2
2
1116
2
8
2
2
2
4
2
2
2
2
2
2
4
6
2
2
2
6
24
2
2
2
6
2
2
4
18
2
2
2
8
228
2
2
2
4
60
12
2
2
2
2
2
2
2
2
10
2
4
30
4
30
4
4
4
294
2
2
2
2
2
2
2
6
2
6
2
4
2
4
2
8
2
264
2362
30
66
4
2
2
8
20
12
2
6
26
16
1660
264
57558
2
2
2
2
2
2
24
2
36
6
2
10
8
118
2
2
8
12
10
6
2
14
342
2
18
12
2
4
16
2
2
2
4
4
6
2
2
898
118
2
14
2
2
2
2
14
2
48
14
8
2
2
2
4
2
2
2
4
88
2
60
64
2
6
14
8
2
2
2
6
2
2
4
2
2
2
44
2
2
2
2
6
4
4
2
2
2
4
4
2
2
2
6
2
2
10
44
1596
24
2
12
2
2
10
8
2
8
12
4
100
8
2
4
6
2
2
2
2
2
2
2
58
20
10
2
2
2
2
6
2
2
2
2
2
2
2
2
6
6
2
2
36
2
26
4
8
8
2
2
2
2
6
4
2
4
2
22
14
4
2
14
2
6
2
4
2
2
2
6
4
6
4
2
2
12
2
880
2
22
2
72
6346
2
4
4
4
2
4
2
2
1516
2
6
2
54
66
24
2
12
2
2
36
22
2
2
2
2
17100
6
2
2
4
852
34
4
2
50
4
948
2
18
58
2
2
2
2
162
2
4
2
9234
2
10036
2
2
2
2
2
6
2
18
2
2
2
2
2
2
10
6
2
2
2
4
2
6
2
2
2
6
2
10
2
2
2
4
6
2
2
26
6
2
2
10
986
56
4
18
2
2
50
2
26
592
2
2
1320
4
50
4
4
2
108
4
2
4
166
16156
12
2
2
2
8
4
12
2
4
48
22
2
2
28
2
2
2
2
4
26
8
2
2
2
2
2
8
2
2
4
2
4
138
12
2
2
4
2
4
2
8
2
2
2
36
2
2
2
34
9760
6
2
4
8
2
2
6
2
6
8
8
2
62
21594
4
2
4
8
6
2
2
28
8
60
2
2
4
8
2
62
2
8
2
4
8
2
2
4
4
2
2
436
66
374
4
4
12
1156
6
4
20
2
2
6
6
6
2
6
2
2
4
4
6
12
2
2
4
4
582
8
2
220
6
6
2
620
4
390
2
2
2
4
20
24
2
2
2
4
4
2
12
2
2
8
46
2
2
2
4842
2
2
4
2
2
4
3116
2
6
2
10
2
2
138
2
54
10
16
2
16
2
6
2
22
2
6
2
6
2
2
2
2
2
2
44
10
2
20
4
32
2
12
2
2
2
6
2
2
2
74
4
15040
2
20
2
2
12
26
56
2
12
2
2
10
2
6
40
2
2
4
4
2
2
2
20
2
600
3050
22
26
448
14
2
2
96
8
2
2
2
4
2
92
1436
2
6
342
8
2
2
270
14
2
2
2
4
8
18
8
74
2
6
8
2
4838
2
2
2
2
2
2
8
8
2
38
16
10
16
6
6
6
10
2
2
9224
2
2
2
4
6
2
2
20
18
2
6
2
16
28
8
12
2
54
2
24
2
2
2
2
40
4
4
6
2
2
398
40
2
12
2
2
2
2
2
8
170
2
20
6
88
2
12
2
2
30
4
2
4134
2
4
2
10
10
4
2
2
2
2
6
10
40
2
274
12
2
2
2
2
2
4
30
2
22
10
2
2
2
2
2
2
2
2
4
6306
2
2
4
8
34
2
2
2
2
1576
4
2
12
2
156
8
2
2
2
2
2
4
12
16788
94
22
2
4
268
2
2
2
2
2
10
2
56
2
2
2
6
24
2
8
2
2
16
2
4
4
2
756
14
34
92
10
2
2
10
2
2
2
30
2
19496
2
8
10
82
2
2
2
2
4
12
4
2
2
11842
8
10
2
4
2
2
2
4
922
2
4
2
2
2
6
62
2
2
24
280
6
30
34
40
6
292
4
2
2
144
2
2
34
2
2
66
2
4
70
2
76
40
2
2
2
4
2
2
2
10
2
2
2
4
2
6
12
8
4
10
2798
4
2
2
14
2
2
12
2
8
92
16
8
8
86
4
92
46
2
2
8
4
2
2
2
2
340
316
2
4
1268
12
4
50
2
8
10
2
6
2
12
2
6
6
2
2
140
2
4
2
2
80
26
8
2
6
6
2
2
16
2
2
46
4168
2
16
4
10
8
14
2
2
2
20
2
8
2
2
2
2
2
6
24
12
18
512
2
2
2
40
2
4
2
20
4
4
2
2
2
2
4
4
2
2
658
2
2
2
2
2
174
62
2
20
2
2
2
8
2
2
2
158
4
10
2
2
10
2
2
2
6
2
2
2
2
2
2
170
2
2
6
2
2
2
2
62
2
4
2
6
2
3696
6
2
2
138
4
2
26
4
2
2
2
2
4
6
2
48
184
4
4
4
2
2
6
2
6
2
2
8
2
52
6
2
16
4
2
2
2
2
6
6
16
2
2
27670
54
4
64
2
22
2
32
2
6
2
104
2
134
16
2
4
2
2
2
48
6
4
6
4
2
2
72
6
4
4
44
4
4
6
2
54
12
106
8
6
2
24
4
2
28
2
2
6
6
2
62
4
490
2
116
2
2
2
80
8
6
2
12
3004
4
38
2
4
2
4
2
2
2
2
2
2
2
2
2
6
8
324
6
2
6
2
6
2
26
116
18
2
46
10
2
2
2
2
1234
38
4
104
2
2
2
2
2
4
10
246
2
2
70
2
2
2
4
8
4
2
466
12
2
2
42
2
2
14492
22
12
2
62
2
2
2
2
2
4
2
2
2
2
2
4
36
2
6
2
2
2
2
16
2
204
4
2
10
2
2
6
2
4
2
2
2
2
4
2
2
62
6
4
4
2
16
8
4
8
4
2
16
2
116
2
2
34
2
12
4
2
2
11176
48
2
2
2
2
26
44
2
2
2
2
30
2
44
4
2
2
6
4
8038
8
2
2
4
42
2
2
26
6
16
18
2
2
58
44
2
2
2
2
4
2
9146
2
2
2
2
2
2
18
6
2
2
2
24
2
2
2
2
650
2
4
2
4
10
22
2
6
2
2
2
4
2
6
4
2
4
18
4
404
8
304
2
2
2
2370
24
2
2
2
2
2
6
2
4
14
8
2
2
2
8
2
2
2
2
4
2
2
2
6
26302
30
2
12
2
2
2
756
2
12
2
2
8
14
2
60
2
6
4
2
4
2
264
2
2
2
2
2
2
2
4
12
2
2
2
2
12
44
2
2
4
6
4
40
4
2
2
2
86
8
2
7024
2
2
124
2
472
18
4
2
6
2
2
2
42
56
2
2
2
6
630
2
16
2
2
72
8
2
2
2
2
2
2
2
254
6
106
104
10
8
2
180
8
38
12
12
6
6
66
6
2
2
2
2
2
10
2
2
6
2
58
4
2
2
12
210
2
6
5840
2
2
260
4
20
4
2
82
2
18
18
2
6
2
32
2
2
4
2
2
2
2
16
50
2
6
2
156
2
4
21714
2
20
2
8
6
2
4
426
2
4
2
2
2
4
116
2
2
8
24
2
6
2
2
10
2
2
2
2
2
2
2
2
28
2
2
20
18
326
2
8
2
6
8
2
2
2
2
12
4
4
2
12
2
4
4
2
1894
2
8
2
14
1944
2
2
2
2
2
4
4
36
2
2
2
2
2
2
2
6
6
2
2
50
568
15324
2
2
28
4
22
8
2
22
38
2
2
2
2
2
2
8
2
2
14
2008
186
2
2
10
2
2
2
14
2
4
2
2
2
2
8
2
10
8
2
2
2
20
4
8
4
2
2
8
2
2
2
2
4
2
1222
2
50
4
2
2
2
34
90
12
2
72
2
4
38
2
2
2
14
2
2
2
2
2
2
192
2
10
4084
16
108
56
2
2
2
4
1040
14
8
2
2
18
2
8
2
2
2
2
2
4
2
2
2
48
2
6
2
4
14
2
2
10
4
2
4
2
4
32
2
2
2
4
6
6
8
4
2
2
190
2
2
1230
20
4
140
2
3182
26
6
2
22
2
2
48
12
22
2
4
2
2
2
2
2
2
2
372
22
14
334
2
4
90
2
2
4
2
2
2
18
2
4
8
2
2
2
88
2
202
662
2
2
6
2
26
2
2
2
2
16
2
2
2310
146
4
8
2
6
2
2
134
2
24
6
2
2
2
2
2
2
4
2
2
98
6
4
4
60
504
2
4
2
22
2
96
4
2
8
2
2
8
6
2
22
2
14
6
2
64
6
8
2
2
2
2
2
6
34
2
2
4
2
2
2
22
10
6
4
24
4
298
14
6
2
2
2
52
4
66
2
2
4
4
4
2
6
2
2
2
2
660
6
4
8
24
2
2
2
2
4820
18
4
6
2
2
2
6
422
2
10
16
2
2
2
2048
2
2
326
2
4
4
8
4
4
2
18
34
2
40
64
4
4
6
2
2
4
8
2
6
152
40
2
2
14
216
18
2
6572
26
15108
8
10364
6
12
2
2
52
2
2
10
2
16798
66
2
6
4
2
486
2
8
2
2
306
2
12
10
64
2
18
14
2
2
2
2
2
2
2
6
3532
2
2
30
2
4
12
6
2
38
2
30
6
2
4
12
40
22
2
4
1590
8
2
2
2
2
2
86
2
60
2
14
6
2
2
2
18
2
2
1830
2
2
26
2
2
2
2
108
2
2
2
2
26
2
8
2
6
2
4
4
6
6
4
80
56
6
2
2
2
14
2
2
8
2
2
158
2
2
2
8
4
2
2
2
4
2
14
2
4
2
2
2
24
2
20
18
2
2
2
4
2
2
2
2
2
2
8
4
4
112
2
2
4
150
2
2
34
2
2
6
10
2
10
2
2
4
6
2
4
266
2
144
2
4
18
6
2
4
2
2
2
2
2
4
2
16
2
14
14
6
72
2
2
2
2
68
6
2
2
14
2
72
2
20
292
2
8
2
2
2
8
2
2
2
4
4
2
10
2
4
2
6
2
2
2
2
26
4
4
258
68
10
2
82
2
2
2
10
120
10
12
4
2
2
2
2
36
12
2
2
2
84
12
22
4
68
2
124
2
2
8
2
2
12
4
2
16
2
12
4
2
2
2
2
2
422
2
182
30
2
2
2
2
2
2
20
2
26
2
8
2
6
2
2
2
10
10
38
6
2
12
6
2
2
2
10
6
2
20
4
4
2
6
8
2
4
4
2
2
2
2
2
132
4
2
2
2
14
2
4
4
2
2
2
2
10300
6
52
2
2
2
7260
2
2
8
2
2
10
6
2
2
22
520
2
2
2
4
2
12
2
2
2
2
12
512
44
6
4
4
42
10
2
192
2
18
4
24
10
2
2
2
684
1522
2
124
2
16
6
2
12
2
2
2
8
34
2
2
14
48
14
2
82
8
42
2
2
4
2
2
4
2
10
2
2
154
2
1160
8
2
6
4
10
1580
4
6
2
2
26
9686
12
6
2
2
2
2
10
2
2
2
2
2
2
2
9970
4
4
2
2
2
4
4
272
2
2
2
4
2
4
2
2
2
4
1156
2
4
2
2
6
9348
2
2
2
2
2
32
2
4
16
6
2
8
6
6
16
2
2
6
2
2
10
2
2
2
2
4
2
4
2
20
4504
6
2
26
6
6
2
4
2
6
1430
8
2
26
2
2
4
2
4
