2
44
4504
62228
102
40
2
74
4
2
4
42
174252
4
123144
2
2
1810
10
18
2
4
2
116274
20
24904
6
207944
32
2
8124
340862
228
2
2074
13136
4
8
319316
660
2
16
260
2
2
8
26
2
132304
2594
18
2
4
2
22
2
16
304686
22
144854
126700
106218
2
46024
60
788
24154
126
2
24
186126
1250
61708
2
122400
2
2
2
57838
14
2
114544
652534
2
47294
2
123554
44
6042
2
102
44056
574
14
4
14
2
89402
4
56
20
1376
196
14
4676
97980
2
20938
4
2
22
4
22
2
269194
2
2
10
108
90
2
24
2
495864
148
286
2
2
30410
2
4
3276
4
44
684
6
482
17486
2
135874
302776
2
2
4
2
4
2
4
2
551420
8
4
2
324
2
4
2
8
1288
460
215270
195696
130
8
4
421308
198496
2
2
2
242
14
10
258
10
668
24
2
3954
2
12
20
2
150746
39434
236
2
64
146
2
8
10
804
864
2
4
530248
385436
142456
2
39624
2
112376
2
4
2
2
28
2
2692
6
82
6
66
130616
175660
128
6
4
32
26168
6
6
24
63632
272336
54
22
572
495256
362796
77518
4
2
2
16
36566
80
4
2
2
2
239462
516252
116
16
112794
2
5980
10
121910
179264
32
1204
16
592
20
333388
349214
12
2
16256
2
2
2
2
314
2
2
205592
30
72
2
522508
2
52552
26
10
68
2
2
2
219060
4
2
2
2
2
4
4
2
2
2
381412
2
2
2
4
8
63476
383258
176
586
8
4
180518
4
111094
14
345306
20
2
22
2
279460
144618
1918
560
6
14
130
8
2
25532
6
4
2
8
602
6
50
14
146812
4
3496
42
79492
96
2
26
10
102
2
26
2
2
5664
8
18
40
2
102584
51824
2
204122
1028
6
37522
20362
232
65408
73712
16
2
151428
6832
16
25398
194
4252
106
112714
11192
4
4
63972
8
59146
40528
57092
10
2
4
16
2
186056
12
5592
58
116184
134076
2
324
2
10142
2880
162722
149322
14
4
28442
25614
2
14
22
2
16
2
2
48384
58
2
91784
86108
67470
204820
4
2
12
2
26
4
162450
2
156102
34
273888
2
1806
2
2
40
2
2
22
372
140656
2
102
2
2
124486
236
2
4
39232
4
6
18
186
2204
4742
12
4
156
512462
34
124
58
4
18
56318
24
66
19484
148142
14
76006
2
6
267786
32
314
6
2
2
162256
12
5654
4
2
2
2
136888
2
14
4
14
54
67462
2
6
2
2
36
2
71946
100604
2
68
140
188142
4
4
12
6
10
4258
2
110304
2
64
9952
114742
32
2
265388
199548
2
575742
2
29116
2028
14
120
6
290392
108174
2
2
2
408268
94
229142
224
10
63836
14
82222
4
10
2
4
6
2
268
374
12050
2
354
4886
52
38280
24
2
2
2
2
403234
4
270648
250342
49876
127606
222284
2
75758
64330
86300
49118
2
2
95666
18374
250
2
24
109278
87712
18
6
18
4
120
87702
10644
4
2
14
8
2
71414
400
2
54
144
2
122
2
4
32604
98
7426
2
4
364
26
10
95392
1638
30
2
2
28
2
12
47860
2
173050
28
285328
2
40
4
14
30416
198
4
56736
218952
832
2440
4
34
2
2
14186
6
2
4
172
146888
8
92
262284
115800
4
14
170108
732368
237642
4956
2
4
278
58756
24
47596
2
201092
12
56
6
2
38648
203776
2
234350
39074
2374
12512
284
2
56
2
109670
2
2
4
28476
158
4
22
2
86720
4
29490
6
10
147706
2
6394
2
8
8
2
4
64
6
20756
2
68
22312
795218
2
2
69898
2
337880
2
2
520942
2
6
2
6
2
2
2
26
4
4
220962
4
4
2
342
4
2
237730
66100
9318
2
154442
2
670
4
7778
2
2
310
6
15266
3132
2
126
36420
12
2
66
8
8
2
2
198
4544
2
108
6
6
107854
4
1728
272336
2
131598
20
2
22
4
96
2
470678
4
18900
150
108
64
2
306
2
6
14064
4
2
2
2
2
102398
8198
30
2
10
60
169418
49278
10
2308
70
195322
2
1700
10
4
10
226
94172
10334
135950
46
34700
2
19970
2
2
265932
64532
407796
42
1078
16
2
98936
2332
4
22
2
2
2
218654
2
26
2
1350
145920
249326
4
2
4
2
49454
98564
103008
40548
2
4
2
14
158940
70
10
51392
2
4
70004
4
19902
281162
2
6
2
2
2
350228
2
144718
494822
4
8
284
2
516156
37238
38240
632114
4
24
374170
32
22
388
2
141872
2
27752
2574
6
2644
924
249008
2
6
6
239076
244
158
2
87954
254748
2
50
4
4
2
263446
132024
4
286470
334
622
2
24
2
422
2
80
2
2
166
14
2
264
41384
8
4
2
176
2
6
6
116
94
203484
248
6
428724
8
8
57668
135942
249526
58014
2
242
164266
8
42998
42
396
50
288514
30
2
4
2
246058
8
6
16
10
54
2
16
2
268
6
112842
10
4
222834
2
40
2
26
89684
214
590
4
169416
437434
16
4
9216
2
148206
10
3520
20
2
147796
66
4
217506
22
16
2
8
2
2
33560
2
297268
2
2
6
2
14
518
2
72
4
506
107622
516
258
62
354
2
32
12
10
52
105016
10
46
24
142
12
8862
50
329056
34
2
2
28
14
20
376
2
20
38482
146374
4
2
140
34
30
192
175522
29028
40774
6
142
580244
26
233626
117024
325520
4
67874
39378
2
2
4
2
26
2
38054
76
134922
12
4
14
10
68076
2
6606
4
2
11340
26
2
2
2
10
2
1232
4
2
574020
1462
68
2
21778
89596
398
46
4
62
322970
91678
14
122
2180
30
2
300
238
2
4
2
2
6
268
14892
4
46
58
672020
96874
6
2616
2
34324
101512
6
1448
4
68
2
6
83964
193388
1162
8
2
105256
2
4
75766
302148
14
2
4
48508
336
46312
88
10
208
10
17590
10
2
28
76398
2
2
2
78638
178766
138
24
2
22020
2
145562
2
743730
20
6
106
4
13622
822
27638
2
284664
90370
5940
80
372480
2
24
235624
14
59860
18
914
248
960
4
26
19200
2
2
2
50
395628
154
4
520
27508
850
2062
95560
2
8
204142
8800
20866
25366
313192
4582
144890
490662
16
20
14
78554
26
2
2
10
4
176568
2
9908
46
4
1134
2
55660
6
2
4
4
94950
57508
104368
4
50
80360
24
4
24
94
4
38478
16
8
7780
124
12
4
6540
40
54
204
2
40
4
106
244
20
2
2
310
72
2
60
44
2
620942
2
7878
104
1924
2
2
22
24
54150
43412
78
2
592498
4
33582
22
8
482198
2
324
115040
8
2
2
16
218
64294
2
2
24
2
3358
2
4
114062
2
10638
14
29736
2
2
278636
185846
96130
284
4
81502
2
57980
2
12
36
6
4
4
240
3084
26
18
166
9574
66
6
12944
4
2
2
18
114942
155468
2
40
2
2
30
13112
2
32
50
2
2
160
104786
4
71230
2
2
14
2
756
4
274
42
74
2
339608
4
323284
214038
470
24
2
436228
8
133412
62372
24
92
81622
10
118
27330
2
370946
164096
2
213626
2
2
2
2
16672
32178
34
144468
6
93694
2
114238
852
192418
410644
249770
2
12
2
8
2
20606
138458
2
36
2
3018
398
2
2
33534
2
62
72
6
14
256180
224
487772
90100
12
8
2010
238
44
2
20
8
107672
2
2
1230
2
2
114
2
67444
468
2
208
64
4
142934
2
504872
51156
2
4
4
6
2
33270
2
320
277796
141790
2
83430
2
2
18
316608
10
468
730074
4
279704
2
316748
8712
186
2
2
320024
21624
175642
126
217924
6
23496
16
104
146572
2
174
4
270
12
677292
33938
86
57520
2
2
316906
4
2
2
2
10994
8
2
201756
175792
176372
38
2
10
2
10484
2
14034
20
209502
2
7368
6
126540
2
4
6
123684
48
2
6
6
64
6
24
58
10
32
2
4
2
944
191810
492
148
10574
4
148
8
4
2
131148
6
203916
3352
730
133622
2
23602
2856
332
50
7610
8
32
4
2
6
139398
50
345932
72012
70102
16268
18
2
2
52
2
2
134548
310906
2
4
266346
60502
105078
108
171776
4
1294
602
40884
150
4
38
49330
106186
688
8408
12010
284756
126758
9930
36
2
263514
2
28384
67370
2
2
8
2
4
2
644
2
2
300
16
2
2
2
8
2
42
2
2
10
84408
164
1216
2
103276
151488
2
213268
44
14
2
28
2
2
181210
2
20
2
53680
2
2
284
2
84552
2
369228
76
2
10
40398
2
39004
27168
2522
2
10
10
352
2
4
76336
4
838
28
133148
1664
2
2
32
2
4
80084
51452
2
4
2
14
14
6
8
922
2
24
85514
2
2
8
10
78
18
34
2
128
273460
52710
38
117476
564
2
131354
74
2
2
2
2
2
2
16
53924
8
2
434728
4
510
2242
46
12
40
210
58778
20
252
134306
2
2
4
32212
36
482
2
4
27506
12
2
158744
2
31078
34
26798
270944
177228
261372
1624
6
14
215906
13022
130
14
2
2
2
10
200450
4
290666
2
4
76
20
85464
224
4
6
235982
1236
2
4
45488
2
10
46756
12
26
74
4
2
10604
2
725720
84
2366
2
273206
10
2
71226
2
2
215966
108478
38330
6
2
6
8
2
167894
17260
108
12
6
50
780
167748
270
133844
68350
2
14
8
36818
16
2
52
9590
85554
10
746062
155258
12
142722
2
2
2
2
680746
263160
174
8
198
6
18
2
2
422714
2
22
2
2
295596
72
2
164190
4
44
43224
32
368256
30
118490
1468
8
2
353714
4
2
2
2178
18
6
10
130336
46
80
122216
59522
14
2
2
396
4928
24
181658
92892
36
765182
8
290162
2
2
884
78
3206
4884
6
26
14
5884
6
198
48
6
2
2
2
129584
6
2
75090
504
80
2
4
6
2
4
1226
2
10
49726
203450
2
4
2
569342
166
2
6
56
408478
110432
10362
204088
2
540
596
2
578
4
2
16
2
35036
50928
162782
71014
46026
34
4
4
4
2
2
6
2
22
12
186
88302
183858
6868
4
4
54
2
2
2
72
2
12
332
14
8
6
2
47080
2200
4
81084
136160
172
744
164
296
10
2
306994
20
2
4
128
10
54
174138
34
2
4
2
38208
542
2
44
696388
12964
312
22
4
127948
2
6
16
6
2
158
14
2
4682
20
2
61206
104
311780
57224
269926
2
134608
428898
60184
200014
46078
1514
2
2
342712
4
2
2
8
255938
794
16
2
23804
193484
108
8
18
2
96
2
22
190
162
11702
2
6
218904
11026
8
10
8
4
92010
240
2
4
129356
2
2
15212
18
4
16
82
54
76
561706
16
34
28
5856
2
80
40172
2
6
263400
275326
2472
12
4
8
12
276
6
2538
148310
383276
98
155290
2972
4
28
67668
127072
218916
2
16
214
42
40960
4
470
2
6
165500
83798
1174
2
169354
339372
2
8
42
20
5046
26
18
4
18
2
35500
14
40
2
170
64
266790
226
2
4
30574
194996
4
2
208460
197300
8
103474
2
2
14
13646
22
10
4
353538
166054
1228
2
359910
20
2
10
18
15620
2
20
156
13966
14
8
2
132370
84
98
2
2
2
2
130
9454
177982
77442
6
18
3068
4
10
18
6
218864
8
156872
32
1080
304
30
18
4
4
102932
2
133364
326
388154
2
6
10
948
1210
6
8
206
36
4
148
4
2
4
228
8
2
2
134046
102
14
52
2
2
167424
95886
191722
137716
74812
744
2
998486
2
4
348
14
88
710
2
2
2
2
26196
16
2
171894
2
81670
272576
2894
2
8
11348
1190
10
21814
106
56488
120
2
4
92
4
88
193028
66624
2
183686
14922
142
2
2
2
6
66
14
144472
198566
64
2
134
14
10
700020
220
2
52908
2
131348
31182
2
174130
2
12
206
2
8
52
2
2
8
836
8
2
34
4
2
288
2
2
2680
2148
27586
1844
27278
59498
2
100488
664
2
387542
32
2
38362
146
10
2
112
2
92634
16
2
6
24
3812
2
74696
32
74482
61130
2
14
4
2
100
130614
68164
272
2
2
4
10
247960
141980
10
100
6
2
6
144480
87392
18
12194
22
4
2
52946
32
18
376306
24590
12
4
248832
138
2
116
2
126816
257902
68
12812
6
2
4
6
104
202
2
30
167804
25986
2
238328
64
116
4
48
4
9262
91636
74
211294
54
2
14
1346
222298
40
67866
164
2
6
2574
82
46006
16
8
121810
38354
2
74
178250
2
164782
3048
2
2
4
264378
108
2
3332
36
168238
4
2
45900
20
2
2
1672
8
222
4
2
3018
2270
8
2
2
239320
70
416922
2
2
505264
1210
2
142962
23052
12
360
253674
76102
4
16330
40
107646
148
145886
12
12
8
2
2
15282
252
2
2
12
84
4754
309956
14
20246
184
56
24
58848
4
2
500906
136634
236
14
2842
10
16
27922
2
2
2
30
48
8
132752
1462
143760
125106
2
4
6
26
85472
93514
1080186
34
96
24
24
2
130442
1102
389912
4
66
14
16
3806
248
2
2
2
6
15172
100
2
6
51936
6
2
2
4
2
162636
2
4
277966
194690
4
3328
2
6
2
6
92612
2
90
70322
4
2
54
2
80210
2
2156
148
81224
54
690
4
16
17330
8
110522
12
320
126186
2
4
105904
6
5904
20
62022
2
21678
2
6
2
7512
18110
4
2
8
14
2
4
22970
4
47114
36
52
107982
2
4
64530
14
6
2
2
4
2
2
16
2
4
26656
1456
310
2
2
6
2
4
6
8
20
112
162
28
22
85606
4
2
20238
8
210
3706
53274
38
14850
54
2
19018
6
83528
23760
1488
29856
2
2
39950
90
21682
4
4
18
2
151420
2
836
2
10336
34
4
4
56
34202
2
32354
331966
780
2
4
92
120
4
8
2
8
144
10654
8
18
135594
110
2
106
2
284
68
4
6
218
4
190422
116492
82324
187574
10
58
32
30116
146292
28768
44
210354
2
2
431720
1204
67348
36
16692
6
4
50
2
4
342
72
2
24
354124
10
28
880
2
199248
141388
25180
2
49840
4
276
72
161304
223034
4058
4
108
4
24010
62
24
2
24
4
2
39782
2
68128
6
33406
38
2
2
6
2
28
4
2
4
30
6
2
46
18
34
305038
2
6722
17714
148
53388
602
366346
383544
10
90
253360
2
44
2
6
44
26
116
2
2
2
4
2
54
2
20984
58
8
6
2
28
77608
94
2
140
32
24
8
406042
29774
20
300
80618
4
6
2
2
114756
3918
65978
49986
375262
2
112
4
124068
4
72
8
284
48
180
2
136
2
42
22758
60
2
2
2
26
4
2
206
2
759650
2
104
21624
1830
452
36
14
2
8
31096
165366
2660
2
82744
14
6
2
22
62604
54
1602
2
4
12
2
6
8
4
131822
159770
2
8
161878
114330
36822
10
2
892
43598
54622
4
204440
2
10
2
94
58
100
20
10616
151220
2
70838
280292
24742
12
23614
24
2
2
2
2
14
10
2
48
4
2
14
10
40918
2
277122
2
6
2
8956
2
4592
6
6
48720
58
35360
135176
6
2
257396
24
4
147480
20
8368
2
2
2
8
6
14
2
24898
11954
98916
2
4
264
900
85298
6110
2
1060
27404
20
30
22
6
239016
2
2
804
114184
133546
1780
8352
6
4
43562
2
42394
2
54
2
4
2
6
46
194
480
89000
266
139208
6254
34652
160358
2
16
2
178
2
4
113340
124492
2518
75344
622
126
2
2
4
134
12
8
150858
2
2
2
64
20640
45246
2
82
8
12
4
130
2834
18
190392
68218
6
2
35778
8022
32
88
6
10
964
2
104150
14
28
14
32
33270
16
140626
304
4
342
430228
62188
4
8
206998
95028
14
2
38616
114
238
2
8656
206
340
2
90208
264
229470
323588
64
118
26
450
12
6
192862
124412
958
2
135566
98922
34
4
6
90242
4
4
8
4
2
2
8174
2
4
6
2
228766
8
2
16
13942
4
560
240
8
529776
116552
53076
2
29082
708
20
16
2
6
4
78
199588
2
10
2
6
2702
121926
16
90
28
18
239816
2
2
342
154
171250
97960
260020
20
30
69418
96782
159608
2
7322
14
192
2
36
4
2
22
4
2
98
20
2
8
353238
56012
34164
95306
4
2
22
6
2076
10352
196974
2
102
54
28192
88
125612
2
598670
25656
12
102
6
56
222920
2
8
6
8
6
1342
10
2
266
2
77388
11408
2
12
30668
2
7294
2
4
226960
6
2
239264
42
2
2
8
13578
8
6
2
45186
16
38522
94516
22
61348
4
2
2
90174
2
34306
4
348920
529848
385658
2
44
8808
22
2
2
2
2
46
2
14
6
104318
12
6
76118
24444
28
4
2
4630
139710
138610
2
8
4
13290
10
282336
283664
2
6
1408
148306
70214
5094
42
6
4
118864
4
2
4
96398
18
42
748
2
1268
7896
553350
15540
22
12870
4
56
285804
38
208
2
2
58564
2
168
34
20868
2
4
6
2
48
232406
2
2
121648
156
4
22
186
443156
2
18
32168
2
2
2
2
2
2
2
72196
10
8
77948
2
2
7114
80
2
4
10
284848
1084
1738
25414
8
1420
10378
122
164610
2
145514
2
2
2194
5794
4
220346
6
8
2
18
6
2
30
146
2
4
242
5376
5718
2
6
80
144
280810
31474
84778
4
50
220792
50550
2
4
6
2
1826
1114
22
54
86358
24
4
34940
356
73590
2
32870
4
1056
413572
2
4
62
141502
280384
2
30
2
16
10
8
43770
2
116
88
6
122176
2
10
6
8
2
77414
2
196314
553568
117460
126918
10
2
56
6
740
4
2
133454
46
4
28
2
4
56
534530
698
423496
145372
54
2
208
134950
16
2
2412
102
2
9614
2
140520
109426
106734
2
6
11836
20
4
5760
111170
2
14
11730
143940
2
140572
87060
84794
12
14
18
78980
576
65110
6232
22
2
497052
616
2
4
120696
2
4
8
28910
2
4
4
12690
2
104
6
53798
4
90366
2
2
166
2
557906
4
48516
4
804
224634
6
2
226654
2
418920
2
4
2
21558
148
430
26
6
144
24074
2
14
50
26
2
127996
14
214944
34
90422
2
104
4
6
14
4
2486
46
16
2
66
117864
42
6
12
2
261634
44
2
140440
68064
194160
538
4
2
6
2
50436
36
130
84328
141978
4
18
6
2
117080
194596
9892
2
2
2
134
12
38
2
12
4
2
10
32
4
128860
2
2
184
4
198864
38
10
1974
273330
2
1636
2
22
1276
2
64
13272
16
134
2
4
10
222
113644
17994
2
112194
32
36
61800
181532
2
10
4
4
4
2
135766
4
1154
126988
370812
4
6
371914
132370
2
2
42
319942
20
26
4
446400
80192
146
8
4
2
82
198988
4
2
10
13838
42
22
22
2
423812
126
129982
46714
56
172058
12
18
4
4
56124
42
8
208
2
18
30148
2
52310
2
2
462
368770
2
351608
258
2
119054
2038
68994
140496
50
970
2
20
34
36
2
4
70772
508
294182
8
58
2
16
2
30148
10
59706
2
4
64
89086
4634
1780
2
36144
2
18
162
2
4
450112
98330
14
13826
38
6070
2
10
1784
2
4
4
4208
6
112
2
2
4
78392
2
2
175882
10
150
136302
110
2
216532
8
78604
30
208
136962
2
6272
1038
20
50332
242
50364
2
164080
7546
3780
68
6
196312
2
16
20
2
2
98254
10
6
2
412
2
4
279554
8
2
280110
1756
340
24
124568
6
30
2
1318
6
50126
35088
4
6
2
4
8
4
2
242096
220
2
20
30
2
32
12654
44
100750
38950
520
366778
2
164342
76
96514
4
16
2
12
56
4
2
2
32
6
2
4
11830
104
2
46684
2
2
156
2
2
126
48256
2
219478
24
6
10
202478
28
4
44
2
2
2
330
4
2
151738
12
8
2
200
2
130386
8
1342
40
6
44
34
756
64
1101934
2
6
2
10
173560
4
85416
142
2
17124
6
6
6
9972
69776
128
10
2
18
174108
14
105046
234732
2
85500
60
32354
20
2
188
12
6
10
2
476150
2
162
2
8
2
2944
2
202992
4
2
4
98338
10
78806
75390
4
2
235350
46766
4
58
2
3444
10
2
734
1662
10
2
148898
12
2
496
2
20
162566
118
2510
16
666
101234
2
47686
354920
404
2846
367122
338
4
654
4
131776
4
2
52
12
2
196414
2
58908
3874
30
18
2
60
56936
8
234622
6
2
2
453650
2
2836
52786
10
12
30588
2
2
2
43812
2
50
2
2
16
18
238066
2
341274
3812
150064
2128
2
518
255774
912
2
336750
2
2
48
44
2
2
72954
78
28
6
207038
34
16
838
2
2
6
2
4
2
31064
460006
2
139596
9278
159056
80178
112082
2
2
2
4192
2
92462
20360
75728
2
2
4
105432
2258
4
2
4
6
19474
258
140736
2
14
79234
20
132518
2
143920
34
2
2
226512
32382
311586
26100
2
68
22
2
2
3946
93914
4
231952
58
185222
2
6
91990
2
154584
4
388
2
146232
4
12
6
34
2
268482
6
44
789304
73950
6820
194
35794
131536
2
2
2
2
104
32
238
2
20834
2
2
12978
28
35314
12642
2
68
56732
52
271046
88118
482
14
3742
4
2
4
167492
14
512
349616
2
46172
2
2
99662
303400
128796
46
22
2
2
712
2
131778
13220
19834
634
2
848
8
14
4
18220
30
4
32
76376
165720
168
21252
4
8
6
2
2
68
82640
44
6
14
4
12782
2
2
237294
2
243636
4
176254
4
299486
2
196680
63560
128900
186
187132
4
463970
102044
24
332000
2
18
4
54568
2
37340
4
2
2
41232
99038
24
6
68972
119866
16
2
2
159336
554
2
6
924
740
22
2
36
83824
2
2
2
6
100434
32
6
34
2
136284
2
1212
2
153254
6
64
118
14
1048
2
154862
2
8
220
64144
400
112
14
3838
128
2
438
2
2
173174
2
16
1538
2
3746
2
141210
2
4
24
2
8
105292
2
2
2
64930
1222
4
2
4
12
2
68328
4
2640
163248
24
2
40
2312
2314
2
2
75056
2
1656
78836
10
2
2
2
20222
2
2
30
10
8
248
2
2038
18
176
2
2
32
4
10
40
6
22
2
107088
2
4
4
108
200
1324
42906
32
14
8
2
2
36
16
2964
2
784
8
2
2
201642
12
2
2
94744
244386
2
114
316442
26
10
4
2
2
2
22428
2
50138
82
6
24
4
2
2
80784
10
88786
10
134
2
68
6
18
2
2
367648
100476
7046
370
2
34
3974
16
12
137892
2
272
36
4
404
198002
79098
233706
149878
95008
4
19650
41680
9212
131858
63876
14
6
6
511574
164914
68766
106990
4
10
62
74
10
2
2
193558
260520
284872
27682
10
335724
20
30518
366906
210666
65278
392482
738
4
107682
12
26
14
4
12
236
48064
101250
19862
898634
176186
2
2
6
58
1336
2
10
1170
2
2
57320
2
2
7792
6
2
132
50
8
210
4
18
510
8
6
4
186934
12
2
2
18
24
46
12
184210
18
2
2
4
249270
4
2
27318
12
2
24
95414
2
580
564
2
165480
141062
2
150
155632
4
74
2
22
65110
184212
76612
6
2
12
166
64270
218
215226
139026
88
2
19426
2480
3228
12
16
16
126816
228074
2
54054
4
1126
662
125302
4
8
72
158072
2
65372
65732
36316
88902
10
252584
10660
26
22
411572
338904
4
10834
2
4
8
175070
1612
272988
2
4
2
59072
2
2
20
2
2
264686
2
12
46
34
677148
2
281614
3868
4584
2
26
112666
226
2
261862
260
208410
218
8
2
2
2
750346
2
408
110
250
247010
26568
2034
18
2746
1234
2
2
7182
2
98
8
80
2
7046
2
118
2
20
32322
40502
6
2
8
68230
6
4
64
16
102196
4
2
150
18
4
2
62682
6
18820
142318
2
161546
50
6
6
6
52
2
92
8
4
204
234
430
40360
588
4
2
2
6
2
20016
6542
6
358320
2
88
2
300
20
110
58
2
2
2
62
2
2
173778
6
56
72208
126134
2
20
3052
2
97672
157468
6
132
32
4
2
1292
2
4
2
1846
100634
36522
40
154700
20816
72882
30
4
532
12
1184
73228
6
1696
156
2
2
14830
23054
178614
4
6
123488
67724
3812
6
2
78450
239516
134
38496
10
2
68
2
2
322344
98
8
6
4
179318
9010
4
16
2
2
4
153092
166078
28
234
2
32496
15640
6868
23948
2
116580
12
12
8
6128
4
2
8
4
2
2
10
2
2
10
3366
2
1238
280590
12
354110
48018
2548
10
2
2
306
242236
8
2
2
2
11590
64
2
89852
70
100
6
8
123188
2
4
8
4
18
510
14
2
34
42062
418244
40
4
8
70
20
463198
146
10
4
2
2
278
156440
4
2
2
2932
6
20
4
78
32
94
330
270
282444
2
2
1516
278004
253310
1228
110560
18
6066
228
148286
2
4
1336
41232
2
894
40
77226
28578
2
152
104
328
2
80
2
2
280
190
2
2
606
2
2
142
91176
52822
8
2
2
148548
32204
2
4
34
4
2
8
65110
4
30
13524
2
100918
530
274
2
304522
2
8
2
2
30
382
2
64
2
2
2
2
110688
204
2
32
10
64
8
41600
3642
58
42622
26408
582
608
390
5676
354630
112254
88526
4
2
14
419768
34920
1992
230
19426
2
209058
412746
2
214184
38284
2
2
165420
2
516692
2
2
182470
4002
354616
24324
16
2
14
4
302572
16
124164
2
285508
57756
8
75690
25894
211394
6878
18
154
256
20296
202
74600
9352
276252
259028
6
56
2
16
2
4
6
34
10890
2
92324
112
87672
4
150
8
422
98
4
608
668
2
217444
514
2474
90516
182
5102
34206
2
20
558.86user 0.60system 9:19.42elapsed 100%CPU (0avgtext+0avgdata 35380maxresident)k
8inputs+64outputs (0major+20370minor)pagefaults 0swaps
